# For now there is no single source of truth for colors.
# TODO: Create one color config for R and SCSS files.
blue <- c(
  "#DCF1FF",
  "#A4DCFF",
  "#6CC6FF",
  "#33B1FF",
  "#009AFA",
  "#008AE0",
  "#007BC7",
  "#006BAD",
  "#005B94"
)

navy <- c(
  "#467695",
  "#386685",
  "#2B5673",
  "#1F4660",
  "#15354A",
  "#122D40",
  "#0F2534",
  "#0B1C28",
  "#08141C"
)

ice <- c(
  "#FEFEFE",
  "#EFF0F1",
  "#DAE4E7",
  "#C1DBE1",
  "#A6D5E0",
  "#7FC3D2",
  "#59B1C5",
  "#3D99AE",
  "#307888"
)

yellow <- c(
  "#FEF8DC",
  "#FEEFB4",
  "#FDE68B",
  "#FDDE63",
  "#FCD73D",
  "#FAC20A",
  "#CC9705",
  "#996D05",
  "#674604"
)

rose <- c(
  "#FFDBDF",
  "#FFB3BA",
  "#FF8A95",
  "#FF6171",
  "#FF364C",
  "#F90B23",
  "#C70A1D",
  "#920C19",
  "#600B13"
)

purple <- c(
  "#E7A8EB",
  "#DC6FE2",
  "#D333DB",
  "#AA1BB1",
  "#770F7C",
  "#630D68",
  "#520C55",
  "#400A43",
  "#2F0731"
)

grey <- c(
  "#FFFFFF",
  "#F9FAFA",
  "#F4F5F6",
  "#EEF0F1",
  "#E8EBED",
  "#E3E6E8",
  "#DDE2E4",
  "#D8DDDF",
  "#D2D8DA"
)
